0.886
0.886
0.793
0.492
0.362
0.059
0.926
0.736
0.567
0.53
0.067
0.802
0.069
0.456
0.229
0.919
0.198
0.37
0.091
0.873
0.996
0.925
0.336
0.729
0.124
0.545
0.434
0.75
0.276
0.584
0.754
0.06
0.739
0.586
0.795
0.378
0.097
0.492
0.301
0.441
0.444
0.729
0.097
0.675
0.567
0.353
0.306
0.624
0.732
0.019
0.368
0.149
0.618
0.451
0.379
0.228
0.193
0.764
0.987
0.491
0.859
0.551
0.275
0.121
0.029
0.793
0.143
0.529
0.443
0.538
0.904
0.688
0.917
0.743
0.49
0.725
0.505
0.786
0.542
0.507
0.348
0.828
0.746
0.422
0.605
0.73
0.32
0.626
0.708
0.258
0.062
0.036
0.899
0.071
0.881
0.894
0.199
0.996
0.813
0.095
0.084
0.684
0.936
0.756
0.887
0.172
0.336
0.587
0.713
0.255
0.721
0.811
0.705
0.15
0.92
0.269
0.63
0.972
0.625
0.299
0.898
0.19
0.209
0.336
0.994
0.769
0.85
0.142
0.993
0.567
0.961
0.259
0.202
0.021
0.868
0.908
0.036
0.753
0.133
0.754
0.368
0.046
0.249
0.033
0.253
0.125
0.975
0.729
0.414
0.304
0.05
0.902
0.699
0.002
0.5
0.538
0.535
0.692
0.504
0.964
0.343
0.9
0.949
0.988
0.743
0.39
0.541
0.232
0.36
0.761
0.19
0.367
0.69
0.057
0.205
0.386
0.726
0.552
0.946
0.97
0.631
0.627
0.214
0.09
0.61
0.274
0.62
0.888
0.77
0.417
0.849
0.059
0.945
0.458
0.289
0.478
0.471
0.459
0.025
0.233
0.493
0.699
0.569
0.794
0.431
0.39
0.057
0.157
0.947
0.021
0.74
0.325
0.516
0.139
0.338
0.021
0.862
0.685
0.176
0.759
0.499
0.95
0.818
0.049
0.711
0.375
0.589
0.918
0.822
0.03
0.126
0.253
0.814
0.377
0.088
0.732
0.346
0.691
0.573
0.291
0.217
0.055
0.13
0.661
0.789
0.851
0.868
0.006
0.639
0.226
0.596
0.56
0.77
0.342
0.379
0.984
0.234
0.072
0.83
0.03
0.059
0.047
0.232
0.443
0.64
0.262
0.041
0.324
0.154
0.457
0.171
0.218
0.653
0.959
0.797
0.308
0.991
0.715
0.189
0.01
0.224
0.378
0.081
0.338
0.147
0.231
0.281
0.179
0.35
0.857
0.081
0.433
0.487
0.825
0.892
0.032
0.181
0.708
0.962
0.776
0.309
0.382
0.563
0.211
0.285
0.583
0.116
0.525
0.525
0.36
0.337
0.621
0.888
0.57
0.008
0.783
0.827
0.071
0.91
0.398
0.393
0.976
0.931
0.099
0.952
0.735
0.184
0.805
0.954
0.593
0.555
0.445
0.997
0.127
0.693
0.334
0.985
0.761
0.541
0.85
0.399
0.173
0.851
0.263
0.037
0.859
0.987
0.341
0.665
0.517
0.351
0.506
0.364
0.154
0.679
0.538
0.17
0.76
0.465
0.886
0.969
0.621
0.289
0.673
0.548
0.313
0.949
0.793
0.96
0.286
0.677
0.181
0.323
0.954
0.042
0.919
0.469
0.976
0.133
0.304
0.666
0.912
0.902
0.002
0.207
0.377
0.573
0.125
0.496
0.153
0.98
0.948
0.029
0.898
0.719
0.902
0.726
0.14
0.938
0.431
0.905
0.391
0.421
0.671
0.095
0.088
0.569
0.71
0.433
0.279
0.499
0.464
0.086
0.915
0.011
0.133
0.773
0.742
0.124
0.063
0.712
0.404
0.734
0.435
0.669
0.802
0.089
0.96
0.557
0.816
0.522
0.579
0.378
0.045
0.787
0.386
0.948
0.506
0.417
0.82
0.994
0.437
0.317
0.017
0.165
0.745
0.171
0.559
0.652
0.925
0.091
0.566
0.05
0.333
0.499
0.568
0.342
0.263
0.939
0.631
0.804
0.683
0.495
0.972
0.158
0.952
0.446
0.883
0.825
0.339
0.596
0.294
0.519
0.292
0.279
0.635
0.107
0.57
0.584
0.8
0.496
0.763
0.873
0.523
0.751
0.704
0.302
0.591
0.484
0.919
0.528
0.819
0.123
0.639
0.988
0.68
0.018
0.098
0.505
0.066
0.472
0.966
0.547
0.086
0.877
0.197
0.035
0.498
0.861
0.003
0.784
0.633
0.381
0.897
0.408
0.313
0.316
0.775
0.93
0.616
0.752
0.515
0.428
0.613
0.062
0.763
0.397
0.982
0.32
0.565
0.134
0.853
0.686
0.534
0.834
0.815
0.324
0.451
0.343
0.861
0.36
0.62
0.924
0.708
0.87
0.466
0.515
0.332
0.693
0.88
0.213
0.444
0.738
0.873
0.168
0.683
0.535
0.769
0.072
0.411
0.057
0.439
0.114
0.418
0.883
0.697
0.674
0.49
0.949
0.69
0.629
0.422
0.043
0.339
0.653
0.22
0.287
0.721
0.205
0.728
0.227
0.563
0.883
0.223
0.511
0.563
0.768
0.66
0.009
0.503
0.057
0.929
0.942
0.209
0.854
0.759
0.973
0.171
0.899
0.755
0.78
0.603
0
0.952
0.759
0.894
0.636
0.626
0.937
0.421
0.863
0.786
0.458
0.41
0.569
0.446
0.605
0.165
0.49
0.238
0
0.457
0.017
0.497
0.128
0.47
0.28
0.533
0.4
0.485
0.19
0.647
0.461
0.63
0.52
0.538
0.93
0.685
0.78
0.802
0.522
0.157
0.492
0.986
0.049
0.512
0.448
0.482
0.576
0.22
0.005
0.782
0.236
0.884
0.724
0.236
0.242
0.023
0.111
0.26
0.955
0.089
0.958
0.375
0.674
0.377
0.669
0.833
0.906
0.316
0.57
0.486
0.277
0.435
0.946
0.212
0.54
0.674
0.802
0.851
0.69
0.676
0.795
0.931
0.32
0.688
0.974
0.069
0.052
0.682
0.277
0.79
0.96
0.447
0.628
0.528
0.876
0.99
0.759
0.384
0.238
0.539
0.775
0.926
0.428
0.579
0.944
0.711
0.257
0.034
0.565
0.632
0.467
0.601
0.963
0.227
0.433
0.554
0.659
0.801
0.718
0.335
0.443
0.353
0.513
0.551
0.699
0.481
0.889
0.736
0.704
0.733
0.364
0.724
0.738
0.834
0.945
0.366
0.456
0.826
0.86
0.155
0.695
0.946
0.863
0.408
0.161
0.555
0.144
0.291
0.447
0.681
0.329
0.834
0.901
0.043
0.811
0.256
0.859
0.51
0.297
0.924
0.125
0.319
0.88
0.896
0.203
0.746
0.594
0.852
0.698
0.344
0.947
0.2
0.107
0.179
0.175
0.904
0.626
0.485
0.123
0.637
0.41
0.069
0.15
0.556
0.328
0.983
0.423
0.861
0.807
0.911
0.744
0.137
0.76
0.141
0.882
0.833
0.444
0.31
0.283
0.412
0.042
0.12
0.55
0.737
0.914
0.554
0.264
0.319
0.26
0.506
0.399
0.701
0.129
0.186
0.779
0.589
0.247
0.88
0.999
0.114
0.784
0.107
0.218
0.231
0.286
0.617
0.058
0.053
0.617
0.68
0.006
0.035
0.131
0.545
0.756
0.002
0.906
0.174
0.388
0.738
0.379
0.766
0.25
0.959
0.135
0.206
0.113
0.454
0.11
0.432
0.886
0.904
0.946
0.582
0.043
0.868
0.676
0.875
0.619
0.877
0.68
0.331
0.82
0.956
0.228
0.448
0.618
0.872
0.439
0.709
0.77
0.355
0.229
0.642
0.906
0.508
0.303
0.107
0.726
0.271
0.526
0.376
0.078
0.226
0.404
0.358
0.408
0.23
0.051
0.492
0.78
0.949
0.328
0.387
0.138
0.458
0.146
0.174
0.414
0.656
0.315
0.16
0.546
0.055
0.037
0.348
0.216
0.937
0.303
0.042
0.777
0.386
0.893
0.728
0.766
0.466
0.186
0.335
0.495
0.716
0.492
0.306
0.403
0.817
0.934
0.893
0.504
0.913
0.944
0.361
0.526
0.05
0.939
0.311
0.002
0.032
0.203
0.25
0.553
0.557
0.01
0.148
0.277
0.074
0.754
0.139
0.342
0.902
0.154
0.946
0.994
0.142
0.696
0.412
0.754
0.36
0.124
0.902
0.606
0.534
0.046
0.669
0.157
0.658
0.483
0.986
0.368
0.327
0.466
0.633
0.794
0.255
0.707
0.777
0.893
0.457
0.96
0.744
0.711
0.368
0.66
0.287
0.687
0.613
0.124
0.428
0.229
0.66
0.873
0.124
0.945
0.088
0.868
0.5
0.936
0.717
0.476
0.934
0.77
0.451
0.61
0.392
0.053
0.652
0.614
0.538
0.528
0.545
0.037
0.107
0.247
0.697
0.002
0.238
0.205
0.191
0.488
0.323
0.358
0.465
0.12
0.622
0.057
0.295
0.54
0.375
0.223
0.558
0.316
0.97
0.972
0.58
0.538
0.899
0.019
0.512
0.917
0.762
0.295
0.554
0.256
0.296
0.429
0.6
0.715
0.628
0.882
0.317
0.257
0.707
0.836
0.118
0.173
0.412
0.13
0.304
0.055
0.212
0.897
0.13
0.529
0.418
0.377
0.944
0.37
0.026
0.072
0.779
0.259
0.809
0.981
0.737
0.02
0.874
0.815
0.643
0.78
0.107
0.591
0.193
0.267
0.354
0.572
0.446
0.742
0.589
0.263
0.467
0.765
0.406
0.52
0.988
0.228
0.969
0.859
0.916
0.166
0.385
0.001
0.338
0.418
0.362
0.193
0.635
0.949
0.653
0.039
0.591
0.064
0.755
0.151
0.577
0.681
0.389
0.146
0.694
0.975
0.604
0.695
0.069
0.429
0.999
0.766
0.958
0.249
0.146
0.916
0.077
0.018
0.44
0.966
0.021
0.905
0.751
0.605
0.83
0.429
0.443
0.461
0.901
0.87
0.518
0.424
0.62
0.847
0.9
0.825
0.95
0.878
0.304
0.651
0.347
0.743
0.958
0.95
0.969
0.512
0.847
0.349
0.736
0.151
0.854
0.22
0.27
0.107
0.689
0.493
0.653
0.908
0.423
0.101
0.339
0.126
0.769
0.71
0.501
0.042
0.512
0.211
0.019
0.591
0.93
0.736
0.752
0.289
0.296
0.096
0.199
0.158
0.322
0.074
0.271
0.766
0.78
0.935
0.34
0.386
0.216
0.185
0.851
0.34
0.753
0.254
0.672
0.072
0.221
0.62
0.31
0.509
0.075
0.027
0.309
0.499
0.038
0.325
0.651
0.663
0.457
0.234
0.503
0.938
0.263
0.803
0.326
0.258
0.592
0.964
0.463
0.307
0.328
0.433
0.259
0.911
0.995
0.831
0.196
0.958
0.443
0.96
0.37
0.397
0.42
0.101
0.938
0.323
0.228
0.008
0.122
0.346
0.947
0.337
0.751
0.507
0.409
0.135
0.591
0.723
0.197
0.774
0.465
0.949
0.956
0.801
0.397
0.738
0.008
0.855
0.585
0.998
0.306
0.174
0.353
0.967
0.469
0.446
0.924
0.779
0.725
0.736
0.215
0.109
0.757
0.26
0.831
0.525
0.183
0.043
0.449
0.497
0.063
0.399
0.751
0.131
0.987
0.07
0.468
0.191
0.992
0.458
0.291
0.797
0.799
0.353
0.428
0.845
0.05
0.319
0.08
0.409
0.394
0.603
0.793
0.425
0.112
0.332
0.315
0.244
0.514
0.009
0.675
0.231
0.771
0.304
0.257
0.672
0.917
0.163
0.953
0.281
0.308
0.974
0.428
0.822
0.157
0.566
0.541
0.838
0.424
0.083
0.872
0.242
0.091
0.05
0.922
0.245
0.189
0.647
0.215
0.407
0.585
0.975
0.81
0.212
0.486
0.241
0.149
0.48
0.397
0.204
0.184
0.347
0.317
0.873
0.19
0.777
0.201
0.003
0.022
0.385
0.177
0.27
0.258
0.585
0.168
0.861
0.557
0.446
0.878
0.366
0.669
0.724
0.507
0.531
0.304
0.665
0.207
0.078
0.76
0.354
0.711
0.369
0.026
0.662
0.106
0.12
0.7
0.814
0.642
0.262
0.06
0.86
0.638
0.3
0.431
0.904
0.227
0.311
0.602
0.329
0.508
0.16
0.01
0.978
0.353
0.387
0.978
0.037
0.684
0.558
0.837
0.546
0.7
0.679
0.129
0.509
0.82
0.058
0.095
0.22
0.048
0.991
0.909
0.442
0.593
0.442
0.245
0.581
0.115
0.799
0.612
0.414
0.07
0.533
0.423
0.095
0.582
0.568
0.089
0.789
0.227
0.944
0.134
0.202
0.474
0.783
0.639
0.862
0.213
0.437
0.752
0.56
0.85
0.533
0.403
0.404
0.978
0.371
0.868
0.584
0.319
0.388
0.207
0.494
0.837
0.66
0.058
0.613
0.246
0.046
0.153
0.444
0.567
0.009
0.019
0.223
0.606
0.758
0.541
0.818
0.728
0.673
0.565
0.253
0.624
0.433
0.731
0.849
0.51
0.936
0.358
0.447
0.593
0.354
0.224
0.745
0.225
0.721
0.551
0.609
0.294
0.111
0.153
0.042
0.789
0.307
0.877
0.753
0.692
0.94
0.315
0.545
0.305
0.51
0.415
0.7
0.094
0.032
0.011
0.631
0.32
0.295
0.62
0.886
0.449
0.884
0.937
0.185
0.349
0.98
0.391
0.526
0.847
0.211
0.31
0.931
0.087
0.655
0.388
0.978
0.069
0.328
0.597
0.884
0.7
0.46
0.218
0.419
0.096
0.26
0.806
0.11
0.114
0.792
0.381
0.33
0.876
0.604
0.402
0.619
0.236
0.644
0.073
0.722
0.451
0.921
0.064
0.671
0.399
0.987
0.414
0.101
0.73
0.896
0.837
0.603
0.008
0.123
0.215
0.883
0.888
0.739
0.194
0.721
0.462
0.8
0.768
0.243
0.829
0.28
0.215
0.872
0.246
0.763
0.145
0.196
0.189
0.835
0.51
0.965
0.483
0.534
0.515
0.509
0.764
0.469
0.524
0.344
0.201
0.66
0.958
0.631
0.121
0.623
0.506
0.584
0.01
0.2
0.1
0.835
0.742
0.332
0.829
0.831
0.749
0.081
0.022
0.315
0.193
0.768
0.155
0.191
0.056
0.971
0.445
0.595
0.889
0.205
0.886
0.485
0.664
0.38
0.264
0.142
0.637
0.902
0.226
0.267
0.226
0.907
0.792
0.329
0.146
0.777
0.404
0.426
0.628
0.031
0.104
0.687
0.252
0.604
0.284
0.702
0.829
0.463
0.198
0.276
0.254
0.018
0.178
0.08
0.423
0.049
0.102
0.571
0.357
0.038
0.531
0.413
0.591
0.563
0.305
0.316
0.373
0.584
0.673
0.97
0.508
0.039
0.493
0.151
0.293
0.959
0.909
0.619
0.256
0.667
0.832
0.652
0.145
0.07
0.506
0.876
0.879
0.672
0.474
0.347
0.977
0.247
0.57
0.538
0.417
0.512
0.14
0.026
0.417
0.7
0.484
0.614
0.481
0.038
0.788
0.024
0.646
0.797
0.567
0.622
0.983
0.482
0.122
0.401
0.037
0.592
0.238
0.559
0.227
0.067
0.428
0.935
0.892
0.164
0.643
0.448
0.741
0.662
0.941
0.98
0.182
0.383
0.198
0.46
0.206
0.224
0.891
0.264
0.789
0.736
0.376
0.396
0.279
0.147
0.752
0.131
0.877
0.932
0.856
0.227
0.465
0.646
0.411
0.65
0.529
0.043
0.704
0.06
0.968
0.009
0.669
0.553
0.327
0.329
0.019
0.604
0.66
0.079
0.476
0.642
0.663
0.917
0.151
0.997
0.602
0.422
0.236
0.923
0.47
0.733
0.94
0.26
0.338
0.939
0.416
0.947
0.927
0.699
0.973
0.068
0.993
0.911
0.023
0.488
0.899
0.364
0.654
0.487
0.238
0.734
0.323
0.315
0.979
0.467
0.128
0.563
0.898
0.667
0.495
0.558
0.884
0.118
0.872
0.484
0.246
0.574
0.766
0.397
0.224
0.218
0.449
0.613
0.27
0.795
0.55
0.081
0.104
0.627
0.136
0.869
0.914
0.592
0.22
0.48
0.192
0.484
0.271
0.803
0.396
0.249
0.272
0.645
0.542
0.483
0.657
0.605
0.959
0.131
0.224
0.11
0.71
0.827
0.072
0.234
0.964
0.307
0.532
0.095
0.975
0.308
0.668
0.264
0.745
0.979
0.15
0.098
0.659
0.104
0.94
0.861
0.819
0.439
0.718
0.848
0.367
0.58
0.446
0.274
0.197
0.439
0.814
0.681
0.218
0.498
0.59
0.458
0.113
0.385
0.776
0.91
0.447
0.056
0.478
0.786
0.982
0.444
0.27
0.47
0.148
0.598
0.679
0.916
0.394
0.185
0.489
0.376
0.723
0.032
0.225
0.853
0.706
0.599
0.565
0.174
0.924
0.109
0.835
0.567
0.043
0.29
0.464
0.118
0.057
0.187
0.398
0.919
0.292
0.843
0.689
0.979
0.015
0.461
0.927
0.466
0.927
0.15
0.863
0.79
0.315
0.662
0.39
0.851
0.998
0.098
0.327
0.607
0.401
0.894
0.303
0.023
0.741
0.273
0.737
0.191
0.677
0.947
0.567
0.534
0.691
0.727
0.325
0.852
0.08
0.29
0.299
0.682
0.942
0.646
0.585
0.073
0.773
0.427
0.238
0.853
0.426
0.58
0.275
0.967
0.847
0.922
0.217
0.472
0.313
0.125
0.452
0.323
0.037
0.201
0.229
0.284
0.053
0.565
0.32
0.751
0.147
0.807
0.767
0.968
0.409
0.027
0.054
0.944
0.423
0.156
0.136
0.14
0.397
0.238
0.926
0.66
0.066
0.193
0.02
0.201
0.948
0.796
0.277
0.427
0.76
0.153
0.244
0.789
0.65
0.203
0.496
0.38
0.661
0.108
0.391
0.217
0.667
0.934
0.746
0.584
0.251
0.235
0.677
0.326
0.771
0.586
0.136
0.783
0.594
0.236
0.469
0.242
0.703
0.777
0.595
0.213
0.489
0.666
0.885
0.149
0.957
0.862
0.891
0.41
0.175
0.929
0.242
0.133
0.184
0.846
0.35
0.651
0.634
0.975
0.704
0.241
0.876
0.098
0.985
0.189
0.24
0.313
0.002
0.002
0.682
0.618
0.73
0.293
0.325
0.064
0.306
0.362
0.446
0.8
0.482
0.02
0.343
0.046
0.261
0.878
0.039
0.797
0.452
0.342
0.09
0.4
0.867
0.718
0.051
0.205
0.367
0.779
0.458
0.703
0.228
0.798
0.735
0.771
0.55
0.75
0.787
0.615
0.598
0.532
0.219
0.492
0.02
0.894
0.325
0.762
0.392
0.549
0.734
0.048
0.574
0.938
0.652
0.546
0.042
0.487
0.143
0.673
0.913
0.616
0.191
0.216
0.491
0.75
0.116
0.14
0.924
0.254
0.098
0.702
0.302
0.118
0.994
0.597
0.778
0.862
0.965
0.125
0.597
0.762
0.373
0.967
0.13
0.218
0.425
0.497
0.569
0.49
0.932
0.16
0.44
0.017
0.405
0.447
0.244
0.561
0.89
0.508
0.669
0.47
0.965
0.81
0.122
0.599
0.487
0.916
0.747
0.003
0.667
0.055
0.915
0.761
0.559
0.439
0.972
0.935
0.12
0.801
0.82
0.757
0.772
0.362
0.84
0.316
0.884
0.492
0.702
0.404
0.459
0.887
0.454
0.183
0.178
0.267
0.048
0.361
0.77
0.374
0.529
0.339
0.562
0.115
0.759
0.404
0.842
0.397
0.005
0.308
0.596
0.199
0.057
0.071
0.273
0.833
0.996
0.644
0.271
0.579
0.677
0.023
0.504
0.576
0.124
0.976
0.103
0.2
0.98
0.566
0.98
0.456
0.98
0.819
0.088
0.195
0.6
0.792
0.169
0.792
0.8
0.789
0.957
0.715
0.061
0.564
0.762
0.65
0.225
0.406
0.478
0.116
0.345
0.02
0.717
0.914
0.938
0.892
0.977
0.525
0.455
0.394
0.504
0.059
0.936
0.87
0.057
0.801
0.894
0.153
0.426
0.515
0.207
0.461
0.344
0.918
0.746
0.296
0.864
0.029
0.548
0.251
0.904
0.202
0.815
0.163
0.16
0.745
0.81
0.685
0.894
0.246
0.486
0.766
0.499
0.971
0.406
0.507
0.133
0.472
0.735
0.995
0.471
0.02
0.073
0.822
0.338
0.1
0.592
0.469
0.321
0.509
0.989
0.664
0.737
0.375
0.093
0.699
0.292
0.033
0.903
0.502
0.074
0.107
0.366
0.702
0.088
0.928
0.435
0.038
0.264
0.85
0.141
0.258
0.925
0.947
0.85
0.621
0.712
0.881
0.948
0.884
0.902
0.639
0.111
0.407
0.902
0.689
0.468
0.234
0.668
0.027
0.163
0.448
0.693
0.263
0.213
0.279
0.445
0.444
0.664
0.075
0.527
0.512
0.29
0.786
0.65
0.733
0.656
0.485
0.451
0.504
0.232
0.186
0.004
0.636
0.386
0.908
0.109
0.107
0.486
0.916
0.128
0.284
0.834
0.823
0.865
0.821
0.027
0.576
0.912
0.7
0.07
0.847
0.246
0.206
0.569
0.633
0.835
0.183
0.811
0.874
0.877
0.403
0.288
0.591
0.112
0.941
0.339
0.415
0.276
0.409
0.081
0.126
0.475
0.315
0.173
0.562
0.007
0.608
0.023
0.082
0.766
0.145
0.067
0.778
0.187
0.159
0.384
0.345
0.224
0.538
0.161
0.97
0.721
0.349
0.797
0.53
0.489
0.366
0.927
0.45
0.696
0.745
0.725
0.813
0.974
0.379
0.296
0.027
0.461
0.27
0.24
0.432
0.4
0.507
0.236
0.774
0.631
0.193
0.805
0.042
0.444
0.524
0.957
0.111
0.039
0.188
0.791
0.338
0.843
0.585
0.72
0.238
0.238
0.797
0.727
0.004
0.391
0.789
0.269
0.315
0.55
0.861
0.032
0.168
0.072
0.333
0.076
0.722
0.801
0.486
0.382
0.934
0.017
0.749
0.762
0.278
0.678
0.4
0.486
0.78
0.867
0.819
0.875
0.624
0.865
0.676
0.413
0.435
0.235
0.731
0.941
0.065
0.962
0.722
0.809
0.648
0.923
0.358
0.239
0.719
0.637
0.726
0.922
0.593
0.625
0.838
0.157
0.612
0.604
0.971
0.846
0.743
0.539
0.053
0.964
0.491
0.604
0.774
0.084
0.122
0.266
0.162
0.171
0.311
0.602
0.908
0.173
0.025
0.47
0.1
0.337
0.468
0.922
0.973
0.863
0.569
0.281
0.508
0.863
0.245
0.683
0.671
0.951
0.768
0.823
0.783
0.141
0.5
0.339
0.094
0.184
0.931
0.496
0.05
0.258
0.072
0.05
0.068
0.8
0.716
0.973
0.852
0.229
0.674
0.513
0.608
0.234
0.672
0.431
0.077
0.504
0.747
0.83
0.704
0.138
0.954
0.64
0.633
0.137
0.491
0.141
0.625
0.872
0.732
0.606
0.752
0.596
0.186
0.944
0.668
0.428
0.845
0.828
0.901
0.092
0.618
0.734
0.028
0.172
0.653
0.492
0.249
0.672
0.942
0.413
0.927
0.437
0.583
0.351
0.526
0.654
0.525
0.116
0.299
0.807
0.598
0.071
0.528
0.154
0.893
0.767
0.203
0.751
0.239
0.216
0.48
0.647
0.453
0.278
0.295
0.508
0.411
0.605
0.466
0.233
0.374
0.818
0.352
0.209
0.092
0.879
0.224
0.652
0.927
0.701
0.484
0.172
0.539
0.465
0.105
0
0.059
0.467
0.049
0.55
0.891
0.903
0.882
0.633
0.788
0.992
0.051
0.432
0.389
0.739
0.069
0.752
0.31
0.745
0.617
0.019
0.074
0.388
0.232
0.346
0.431
0.675
0.547
0.994
0.776
0.704
0.13
0.972
0.752
0.817
0.421
0.807
0.526
0.812
0.299
0.478
0.342
0.942
0.064
0.843
0.48
0.936
0.918
0.385
0.786
0.386
0.556
0.83
0.949
0.793
0.411
0.586
0.291
0.128
0.739
0.254
0.728
0.94
0.566
0.006
0.921
0.965
0.064
0.606
0.757
0.166
0.961
0.186
0.785
0.822
0.743
0.734
0.379
0.595
0.823
0.498
0.71
0.014
0.064
0.044
0.618
0.171
0.843
0.878
0.402
0.86
0.802
0.011
0.209
0.265
0.235
0.768
0.829
0.186
0.094
0.013
0.767
0.642
0.203
0.876
0.833
0.819
0.272
0.867
0.255
0.908
0.675
0.972
0.459
0.731
0.831
0.329
0.396
0.875
0.997
0.868
0.997
0.185
0.147
0.96
0.888
0.815
0.565
0.265
0.452
0.924
0.343
0.819
0.993
0.773
0.683
0.908
0.621
0.741
0.84
0.173
0.297
0.591
0.675
0.361
0.379
0.264
0.994
0.669
0.163
0.827
0.881
0.618
0.279
0.66
0.72
0.051
0.765
0.483
0.766
0.77
0.068
0.706
0.801
0.4
0.574
0.708
0.712
0.559
0.341
0.898
0.405
0.51
0.157
0.669
0.112
0.513
0.487
0.03
0.515
0.752
0.922
0.258
0.027
0.116
0.472
0.528
0.136
0.357
0.731
0.671
0.949
0.985
0.836
0.305
0.791
0.22
0.006
0.339
0.989
0.791
0.164
0.161
0.644
0.122
0.265
0.184
0.746
0.085
0.584
0.11
0.415
0.071
0.039
0.994
0.853
0.086
0.927
0.808
0.143
0.31
0.685
0.865
0.892
0.898
0.892
0.665
0.438
0.92
0.619
0.174
0.431
0.203
0.651
0.773
0.042
0.138
0.706
0.031
0.841
0.014
0.857
0.719
0.088
0.865
0.044
0.534
0.718
0.226
0.22
0.139
0.996
0.828
0.854
0.261
0.004
0.847
0.785
0.63
0.432
0.457
0.583
0.242
0.637
0.77
0.064
0.677
0.388
0.201
0.732
0.824
0.49
0.152
0.882
0.12
0.38
0.409
0.391
0.396
0.001
0.754
0.52
0.92
0.809
0.393
0.285
0.489
0.628
0.84
0.107
0.213
0.615
0.897
0.652
0.871
0.323
0.424
0.087
0.051
0.517
0.923
0.387
0.753
0.876
0.287
0.81
0.826
0.448
0.716
0.025
0.081
0.664
0.647
0.95
0.733
0.389
0.908
0.131
0.981
0.004
0.204
0.512
0.177
0.201
0.587
0.206
0.086
0.299
0.636
0.796
0.001
0.792
0.7
0.039
0.362
0.012
0.623
0.199
0.067
0.785
0.269
0.414
0.513
0.567
0.174
0.77
0.745
0.007
0.875
0.177
0.071
0.436
0.786
0.297
0.522
0.697
0.732
0.362
0.589
0.995
0.784
0.605
0.983
0.97
0.957
0.954
0.677
0.222
0.491
0.551
0.819
0.211
0.845
0.532
0.19
0.697
0.472
0.964
0.179
0.511
0.137
0.776
0.921
0.653
0.621
0.349
0.237
0.018
0.406
0.99
0.767
0.224
0.615
0.275
0.824
0.922
0.876
0.011
0.606
0.8
0.199
0.92
0.228
0.97
0.326
0.189
0.257
0.354
0.445
0.765
0.826
0.412
0.005
0.226
0.979
0.634
0.84
0.538
0.098
0.875
0.252
0.66
0.67
0.896
0.966
0.056
0.44
0.994
0.729
0.957
0.124
0.783
0.206
0.972
0.701
0.071
0.622
0.259
0.338
0.359
0.384
0.943
0.448
0.258
0.249
0.754
0.053
0.988
0.151
0.29
0.977
0.114
0.417
0.852
0.667
0.18
0.447
0.908
0.909
0.18
0.677
0.229
0.267
0.702
0.154
0.677
0.341
0.12
0.923
0.79
0.082
0.181
0.68
0.138
0.053
0.732
0.927
0.693
0.722
0.812
0.959
0.139
0.171
0.12
0.192
0.405
0.292
0.652
0.747
0.485
0.046
0.46
0.66
0.208
0.512
0.078
0.879
0.312
0.794
0.599
0.222
0.041
0.941
0.307
0.925
0.199
0.567
0.603
0.353
0.243
0.733
0.135
0.588
0.614
0.686
0.292
0.541
0.725
0.2
0.714
0.104
0.711
0.053
0.438
0.425
0.528
0.177
0.252
0.064
0.761
0.94
0.177
0.863
0.941
0.718
0.471
0.4
0.423
0.495
0.97
0.091
0.294
0.364
0.889
0.538
0.293
0.151
0.301
0.819
0.61
0.036
0.554
0.579
0.165
0.397
0.757
0.069
0.864
0.392
0.719
0.606
0.696
0.168
0.884
0.49
0
0.028
0.779
0.691
0.119
0.62
0.989
0.816
0.171
0.293
0.722
0.75
0.881
0.064
0.174
0.117
0.281
0.574
0.926
0.502
0.7
0.629
0.357
0.102
0.255
0.888
0.607
0.46
0.616
0.311
0.034
0.323
0.566
0.331
0.125
0.771
0.888
0.465
0.672
0.03
0.834
0.158
0.103
0.55
0.916
0.375
0.043
0.554
0.482
0.105
0.573
0.292
0.537
0.667
0.136
0.902
0.853
0.245
0.594
0.165
0.268
0.641
0.423
0.18
0.594
0.44
0.545
0.092
0.251
0.342
0.395
0.95
0.811
0.435
0.371
0.888
0.361
0.185
0.266
0.734
0.046
0.775
0.918
0.308
0.317
0.728
0.499
0.781
0.522
0.317
0.331
0.184
0.165
0.403
0.724
0.724
0.547
0.386
0.685
0.695
0.11
0.03
0.698
0.172
0.401
0.702
0.963
0.897
0.689
0.605
0.731
0.113
0.526
0.89
0.512
0.413
0.97
0.034
0.738
0.956
0.005
0.668
0.533
0.714
0.865
0.711
0.976
0.561
0.851
0.884
0.003
0.244
0.919
0.334
0.439
0.637
0.98
0.433
0.891
0.397
0.906
0.503
0.299
0.526
0.37
0.046
0.985
0.81
0.904
0.339
0.072
0.46
0.425
0.499
0.044
0.63
0.616
0.329
0.684
0.882
0.809
0.467
0.88
0.673
0.178
0.836
0.988
0.613
0.146
0.125
0.003
0.132
0.625
0.875
0.612
0.558
0.407
0.831
0.993
0.092
0.171
0.655
0.004
0.902
0.423
0.741
0.522
0.44
0.119
0.947
0.808
0.509
0.871
0.773
0.592
0.156
0.004
0.478
0.483
0.225
0.477
0.945
0.613
0.108
0.008
0.861
0.068
0.899
0.897
0.407
0.522
0.765
0.144
0.662
0.964
0.825
0.986
0.674
0.976
0.363
0.784
0.045
0.386
0.195
0.079
0.254
0.58
0.357
0.413
0.232
0.039
0.952
0.049
0.163
0.464
0.96
0.226
0.682
0.579
0.814
0.147
0.099
0.789
0.361
0.828
0.156
0.17
0.209
0.298
0.413
0.623
0.006
0.273
0.145
0.457
0.976
0.308
0.681
0.804
0.443
0.829
0.651
0.276
0.402
0.543
0.515
0.632
0.119
0.659
0.183
0.859
0.184
0.611
0.929
0.851
0.558
0.205
0.964
0.396
0.446
0.232
0.025
0.535
0.021
0.331
0.923
0.477
0.951
0.729
0.616
0.407
0.283
0.897
0.524
0.918
0.271
0.802
0.143
0.061
0.567
0.197
0.161
0.644
0.961
0.339
0.332
0.146
0.34
0.581
0.561
0.431
0.071
0.209
0.381
0.608
0.925
0.903
0.075
0.689
0.53
0.509
0.089
0.203
0.746
0.596
0.318
0.888
0.46
0.827
0.401
0.75
0.127
0.989
0.036
0.436
0.5
0.941
0.697
0.758
0.055
0.503
0.181
0.512
0.705
0.141
0.78
0.547
0.697
0.306
0.062
0.849
0.174
0.48
0.322
0.797
0.503
0.108
0.502
0.496
0.269
0.519
0.7
0.938
0.926
0.349
0.084
0.336
0.693
0.557
0.334
0.431
0.705
0.984
0.133
0.857
0.651
0.646
0.038
0.228
0.523
0.633
0.111
0.428
0.119
0.804
0.335
0.863
0.85
0.444
0.847
0.327
0.404
0.482
0.147
0.029
0.479
0.58
0.372
0.901
0.02
0.178
0.275
0.252
0.329
0.991
0.799
0.701
0.399
0.578
0.171
0.349
0.451
0.587
0.537
0.422
0.748
0.852
0.596
0.182
0.056
0.063
0.884
0.273
0.066
0.408
0.978
0.311
0.282
0.968
0.27
0.561
0.607
0.738
0.502
0.933
0.67
0.215
0.919
0.885
0.69
0.857
0.737
0.427
0.22
0.652
0.497
0.857
0.23
0.918
0.102
0.486
0.487
0.691
0.021
0.724
0.776
0.588
0.346
0.331
0.863
0.862
0.24
0.308
0.101
0.177
0.766
0.241
0.818
0.768
0.329
0.191
0.21
0.477
0.77
0.661
0.803
0.045
0.596
0.039
0.291
0.454
0.368
0.87
0.301
0.386
0.372
0.036
0.965
0.507
0.047
0.394
0.114
0.798
0.107
0.79
0.73
0.691
0.916
0.277
0.84
0.638
0.214
0.075
0.753
0.666
0.533
0.1
0.665
0.236
0.441
0.727
0.195
0.919
0.12
0.1
0.597
0.337
0.002
0.977
0.923
0.084
0.79
0.155
0.032
0.414
0.731
0.073
0.951
0.929
0.283
0.559
0.395
0.006
0.485
0.232
0.972
0.865
0.069
0.699
0.049
0.423
0.255
0.386
0.223
0.886
0.124
0.238
0.213
0.756
0.777
0.201
0.463
0.002
0.309
0.52
0.059
0.674
0.142
0.415
0.421
0.444
0.395
0.375
0.684
0.846
0.092
0.394
0.323
0.594
0.612
0.074
0.541
0.619
0.344
0.641
0.398
0.091
0.607
0.862
0.966
0.695
0.25
0.799
0.992
0.505
0.562
0.872
0.812
0.173
0.074
0.936
0.555
0.326
0.977
0.192
0.817
0.944
0.32
0.267
0.38
0.327
0.832
0.138
0.514
0.008
0.985
0.614
0.921
0.436
0.022
0.644
0.349
0.741
0.266
0.268
0.605
0.487
0.842
0.13
0.524
0.802
0.548
0.021
0.208
0.753
0.182
0.356
0.516
0.333
0.074
0.472
0.206
0.108
0.317
0.05
0.861
0.969
0.381
0.77
0.278
0.277
0.061
0.33
0.529
0.925
0.138
0.422
0.967
0.969
0.854
0.203
0.113
0.19
0.103
0.4
0.483
0.589
0.076
0.756
0.017
0.449
0.571
0.248
0.72
0.952
0.7
0.927
0.956
0.518
0.033
0.486
0.496
0.431
0.32
0.046
0.688
0.923
0.634
0.691
0.359
0.846
0.705
0.051
0.426
0.934
0.622
0.031
0.254
0.149
0.395
0.152
0.65
0.164
0.591
0.355
0.703
0.393
0.999
0.829
0.755
0.457
0.474
0.6
0.616
0.196
0.386
0.073
0.179
0.338
0.242
0.954
0.616
0.638
0.07
0.044
0.79
0.985
0.31
0.31
