0.000120779
0.00104677
2.75701e-05
0.000557517
3.22929e-06
0.00105392
0.00028666
3.79589e-06
0.000445868
0.000507547
0.00252254
0.00019475
9.31361e-05
0.000195432
0.000444022
0.000587617
0.000431675
0.00232581
0.00214328
0.000792874
0.00325417
0.000306406
0.000534739
6.91057e-05
0.000444774
0.00278886
0.000384331
0.000322651
0.000312691
0.000191029
0.000665161
0.00221309
0.000319428
0.00045515
0.000181998
0.000904196
0.000460633
0.000250268
0.00147104
0.000585549
4.99474e-05
0.000377082
0.0004156
0.000275893
0.00067386
4.7383e-05
0.000620057
0.000269341
0.000869195
0.00209812
0.00235119
0.00144333
3.96429e-05
0.000319929
0.000251697
3.73827e-05
0.000249196
0.00158065
0.000256819
5.01439e-06
0.000115677
0.00133006
0.00326624
0.000124883
0.000144689
0.00171183
0.000357232
0.000678698
0.000132023
0.000237428
0.000457973
0.000173364
4.05801e-05
0.00250198
0.000158197
0.000135674
0.000599325
0.000106181
0.00387768
0.000634944
0.000330463
0.000365037
0.00189327
0.00106293
0.00105311
0.000482885
7.22888e-05
0.00237722
0.00167809
0.000110168
2.60391e-05
0.000728747
0.000382659
0.000756361
0.0013753
0.000399465
0.000539101
0.000894721
0.000453033
5.74445e-05
0.000119949
0.000221107
0.00029055
0.000941649
0.000286421
0.0019549
0.00108799
7.6366e-05
9.96719e-06
0.000731455
0.000537998
0.000762097
0.00109415
0.000465291
0.000864211
0.00231773
0.00124011
0.000204569
0.000996871
7.87079e-06
0.00169486
0.00055232
0.000322983
0.000329172
0.000424054
0.000258138
0.0016463
0.00127045
2.69007e-05
0.00489466
0.00202761
0.000179533
0.000119464
0.000339582
0.00141766
0.000547941
0.0006955
0.000966913
0.00274147
0.00231797
0.000495099
0.000673038
9.54648e-05
0.003279
0.00100348
0.00140999
0.00308238
0.000467696
0.00037297
0.00081646
0.00021709
0.00114189
0.000385722
0.00119625
0.0026652
0.000982053
0.000510238
0.000283496
0.00098486
0.000875007
0.00312061
0.00241335
7.61112e-05
0.000124446
0.000499485
0.000765004
0.000935899
0.00244256
0.000877637
0.00180335
0.000281244
0.00195227
0.000669055
0.000383436
0.000443814
0.000192989
0.000800311
0.00131141
6.79036e-05
0.00121755
0.00229299
0.000506574
0.00300516
2.55131e-05
0.00084223
0.000469721
0.00248793
0.000306404
3.91504e-05
0.000954428
0.00278224
0.00019253
0.00126107
0.000235014
0.000815497
0.00103836
0.00100059
0.00225307
0.000431994
0.000587916
3.63022e-05
0.000641777
0.000248532
0.000820202
0.00106311
0.00360554
0.00278826
0.000298331
0.00189843
0.000376173
0.00117753
0.000179872
0.000519206
0.00149348
0.00221787
0.000456492
1.63728e-05
0.000310531
0.00161825
0.00245034
0.00101328
2.10535e-05
7.5491e-05
9.04837e-05
0.00210941
0.000937765
0.00110326
5.2092e-05
0.0012581
0.000624761
0.000633136
0.000493813
0.000966827
3.40292e-05
0.000255414
0.00152835
0.00115314
0.00113527
0.000215559
0.000716178
0.000811808
4.82017e-05
0.000305872
0.000761624
9.9273e-05
0.000994441
0.000125722
0.000555264
0.000358967
2.71992e-05
0.00048572
0.00245471
0.00120187
0.000157126
0.00202919
0.000445476
0.000337568
0.000240352
0.00397177
0.00181813
0.00017573
0.00141146
0.00200323
0.00287712
0.000860791
0.0027384
0.00227766
0.00112563
0.000216151
0.00274723
0.000235716
0.00166993
0.000179028
0.000134264
0.000881405
0.000503252
0.000250899
1.77824e-05
0.000685144
0.00303031
6.24344e-05
0.000411138
0.000946608
0.00249447
0.000447316
0.000634612
0.000456467
0.000503011
0.00193091
0.000202776
0.000260985
7.07024e-05
0.00154816
0.00223727
0.00217652
0.00386087
4.02707e-05
5.14297e-05
0.000534313
0.000876654
0.00150206
0.000328786
0.000450725
0.000558956
0.000422056
0.00162464
0.000297108
0.00026399
0.000824186
0.00120167
0.000438303
2.59121e-05
0.00176302
0.000111347
0.000844766
0.00071259
0.000133872
0.00068747
0.000267547
0.00118553
0.00149076
0.00153202
0.00506793
0.000851731
0.00176928
0.000220327
0.000669023
0.000664604
5.86844e-05
0.00146681
0.000724609
0.000796727
3.42437e-05
0.000281365
0.000441796
0.000124061
0.000196172
0.00319934
0.00127702
0.000855116
0.00120287
6.27172e-05
0.000130848
0.00170835
0.000429158
0.000719042
0.000259442
0.000208667
0.000993367
0.000307349
0.000291505
0.00427751
0.000896802
0.00102571
0.00071254
0.000698955
0.00037529
0.00190342
0.000735879
0.000148488
0.000300538
0.00184884
0.00353563
0.000948953
1.17559e-05
0.00157722
0.000352728
0.000381888
0.000144569
0.00125234
2.44993e-06
0.0008747
5.61652e-05
0.000273089
0.000221767
0.00131781
0.000205457
0.0026744
0.00147027
0.000526459
0.00232886
0.000850583
0.000253609
0.000214682
0.00130284
0.00147389
0.000454958
0.00155253
0.00113231
6.38229e-05
3.06569e-05
0.00063585
0.00235756
0.00142226
0.000981987
0.00399988
0.00151435
0.000141517
0.000531327
0.000451409
0.00108524
0.00108524