0.000120779
0.00104677
2.75701e-05
0.000557517
3.22929e-06
0.00105392
0.00028666
3.79589e-06
0.000445868
0.000507547
0.00252254
0.00019475
9.31361e-05
0.000195432
0.000444022
0.000587617
0.000431675
0.00232581
0.00214328
0.000792874
0.00325417
0.000306406
0.000534739
6.91057e-05
0.000444774
0.00278886
0.000384331
0.000322651
0.000312691
0.000191029
0.000665161
0.00221309
0.000319428
0.00045515
0.000181998
0.000904196
0.000460633
0.000250268
0.00147104
0.000585549
4.99474e-05
0.000377082
0.0004156
0.000275893
0.00067386
4.7383e-05
0.000620057
0.000269341
0.000869195
0.00209812
0.00235119
0.00144333
3.96429e-05
0.000319929
0.000251697
3.73827e-05
0.000249196
0.00158065
0.000256819
5.01439e-06
0.000115677
0.00133006
0.00326624
0.000124883
0.000144689
0.00171183
0.000357232
0.000678698
0.000132023
0.000237428
0.000457973
0.000173364
4.05801e-05
0.00250198
0.000158197
0.000135674
0.000599325
0.000106181
0.00387768
0.000634944
0.000330463
0.000365037
0.00189327
0.00106293
0.00105311
0.000482885
7.22888e-05
0.00237722
0.00167809
0.000110168
2.60391e-05
0.000728747
0.000382659
0.000756361
0.0013753
0.000399465
0.000539101
0.000894721
0.000453033
5.74445e-05
0.000119949
0.000221107
0.00029055
0.000941649
0.000286421
0.0019549
0.00108799
7.6366e-05
9.96719e-06
0.000731455
0.000537998
0.000762097
0.00109415
0.000465291
0.000864211
0.00231773
0.00124011
0.000204569
0.000996871
7.87079e-06
0.00169486
0.00055232
0.000322983
0.000329172
0.000424054
0.000258138
0.0016463
0.00127045
2.69007e-05
0.00489466
0.00202761
0.000179533
0.000119464
0.000339582
0.00141766
0.000547941
0.0006955
0.000966913
0.00274147
0.00231797
0.000495099
0.000673038
9.54648e-05
0.003279
0.00100348
0.00140999
0.00308238
0.000467696
0.00037297
0.00081646
0.00021709
0.00114189
0.000385722
0.00119625
0.0026652
0.000982053
0.000510238
0.000283496
0.00098486
0.000875007
0.00312061
0.00241335
7.61112e-05
0.000124446
0.000499485
0.000765004
0.000935899
0.00244256
0.000877637
0.00180335
0.000281244
0.00195227
0.000669055
0.000383436
0.000443814
0.000192989
0.000800311
0.00131141
6.79036e-05
0.00121755
0.00229299
0.000506574
0.00300516
2.55131e-05
0.00084223
0.000469721
0.00248793
0.000306404
3.91504e-05
0.000954428
0.00278224
0.00019253
0.00126107
0.000235014
0.000815497
0.00103836
0.00100059
0.00225307
0.000431994
0.000587916
3.63022e-05
0.000641777
0.000248532
0.000820202
0.00106311
0.00360554
0.00278826
0.000298331
0.00189843
0.000376173
0.00117753
0.000179872
0.000519206
0.00149348
0.00221787
0.000456492
1.63728e-05
0.000310531
0.00161825
0.00245034
0.00101328
2.10535e-05
7.5491e-05
9.04837e-05
0.00210941
0.000937765
0.00110326
5.2092e-05
0.0012581
0.000624761
0.000633136
0.000493813
0.000966827
3.40292e-05
0.000255414
0.00152835
0.00115314
0.00113527
0.000215559
0.000716178
0.000811808
4.82017e-05
0.000305872
0.000761624
9.9273e-05
0.000994441
0.000125722
0.000555264
0.000358967
2.71992e-05
0.00048572
0.00245471
0.00120187
0.000157126
0.00202919
0.000445476
0.000337568
0.000240352
0.00397177
0.00181813
0.00017573
0.00141146
0.00200323
0.00287712
0.000860791
0.0027384
0.00227766
0.00112563
0.000216151
0.00274723
0.000235716
0.00166993
0.000179028
0.000134264
0.000881405
0.000503252
0.000250899
1.77824e-05
0.000685144
0.00303031
6.24344e-05
0.000411138
0.000946608
0.00249447
0.000447316
0.000634612
0.000456467
0.000503011
0.00193091
0.000202776
0.000260985
7.07024e-05
0.00154816
0.00223727
0.00217652
0.00386087
4.02707e-05
5.14297e-05
0.000534313
0.000876654
0.00150206
0.000328786
0.000450725
0.000558956
0.000422056
0.00162464
0.000297108
0.00026399
0.000824186
0.00120167
0.000438303
2.59121e-05
0.00176302
0.000111347
0.000844766
0.00071259
0.000133872
0.00068747
0.000267547
0.00118553
0.00149076
0.00153202
0.00506793
0.000851731
0.00176928
0.000220327
0.000669023
0.000664604
5.86844e-05
0.00146681
0.000724609
0.000796727
3.42437e-05
0.000281365
0.000441796
0.000124061
0.000196172
0.00319934
0.00127702
0.000855116
0.00120287
6.27172e-05
0.000130848
0.00170835
0.000429158
0.000719042
0.000259442
0.000208667
0.000993367
0.000307349
0.000291505
0.00427751
0.000896802
0.00102571
0.00071254
0.000698955
0.00037529
0.00190342
0.000735879
0.000148488
0.000300538
0.00184884
0.00353563
0.000948953
1.17559e-05
0.00157722
0.000352728
0.000381888
0.000144569
0.00125234
2.44993e-06
0.0008747
5.61652e-05
0.000273089
0.000221767
0.00131781
0.000205457
0.0026744
0.00147027
0.000526459
0.00232886
0.000850583
0.000253609
0.000214682
0.00130284
0.00147389
0.000454958
0.00155253
0.00113231
6.38229e-05
3.06569e-05
0.00063585
0.00235756
0.00142226
0.000981987
0.00399988
0.00151435
0.000141517
0.000531327
0.000451409
0.00108524
0.00074897
0.000410436
0.000583359
0.00337032
0.000924898
0.00095486
0.000612502
0.000371798
0.000511213
0.00302852
0.000476689
0.00139035
0.00116036
0.0015221
0.00024277
0.000153495
0.00123241
0.00233838
0.000122646
0.00155648
0.00123146
9.96185e-05
0.000737877
5.28963e-05
0.000499882
8.62105e-05
0.000157157
4.72228e-07
0.00481871
0.00139371
0.000211077
0.00162954
0.00144737
0.00103536
0.000764129
4.3608e-05
0.000814582
0.00236522
0.00413927
0.000239968
0.00136633
0.000575701
0.000804671
0.000212648
0.00130377
0.000686242
0.00136629
6.62386e-05
0.00548734
0.00284211
0.000346871
9.40156e-05
0.000423313
0.00113712
0.000359087
4.43147e-05
0.00191076
0.00109045
0.000727866
0.00176653
0.001082
0.000750456
0.000683865
2.46316e-05
0.000472837
0.00102178
0.000682239
0.00182644
0.000333845
0.00139791
0.00122024
0.00107118
0.000767098
0.000368845
0.000880722
0.00210529
0.000367581
0.00304235
0.00163835
0.0029904
0.00069248
0.000477107
0.000261381
0.000194388
0.000493561
0.000404118
0.000579461
0.000815535
0.00114123
0.000246502
0.000100082
0.00244584
0.000736321
0.00140582
6.5472e-06
0.00252465
0.00574312
0.00407391
0.000366258
0.000557635
0.0019995
0.000691429
0.000404891
7.96955e-05
0.00110733
0.00048795
0.00171315
0.000160517
0.00433203
0.000435735
0.0032095
0.00109096
0.0032146
0.00126196
0.000101572
0.000557887
0.000758795
0.00165655
0.001714
0.00022473
0.00205362
0.000626122
0.000461928
0.000308407
0.00185879
0.000353066
0.00038365
0.00123433
0.00112684
0.000418482
0.000113823
0.000657844
0.00248817
0.00319727
0.000153488
0.00185874
0.000981655
0.000208622
0.00100175
6.15617e-05
0.00179211
0.00252137
0.00488398
0.000152861
0.000562535
0.000350885
0.000938018
0.00146998
8.3301e-05
0.000268875
0.000124511
0.00044723
0.000733719
0.000415447
0.000233011
1.25007e-05
0.00168607
0.00140807
9.31417e-05
0.00373468
0.000102539
0.00138992
0.00096129
0.000278549
0.000897667
0.000790733
0.00159532
6.71704e-05
0.000292877
0.000189242
0.00018375
0.000246937
0.00124361
0.000484909
0.00327119
2.30749e-05
0.000105881
0.00099527
0.00118036
0.000103559
9.94659e-05
0.000560449
0.000698548
0.00092316
0.00024452
0.000241815
0.00206596
0.000450684
0.00292882
0.00116017
0.000201084
0.000784272
0.000253418
0.00058042
0.000457688
0.00141535
0.00249332
3.27125e-05
0.00236157
4.34802e-05
0.000552464
4.31964e-07
0.000250664
0.000729136
0.000556488
0.000285929
0.000384069
0.00159092
8.02317e-05
0.000489098
0.0006654
0.000493667
0.000752358
0.000805445
0.00112142
0.000786564
0.00267359
0.000765467
0.00125279
0.00472853
0.000966253
0.00205837
0.000200593
0.000734176
0.00233915
0.000871751
0.00100003
0.00155134
0.0002985
0.000416349
0.00112907
0.000194532
0.00188833
0.00171568
0.00120254
0.000728256
0.000725282
0.00145942
0.000593957
0.000154299
0.00105933
0.000269318
0.0021048
0.00199453
0.000992044
0.00202829
5.56522e-05
0.000195621
0.00239681
0.000654653
0.004039
0.00175828
0.00075097
0.00145426
0.000265642
0.000338933
0.000735344
0.000248429
0.000582133
0.000403879
0.00151583
0.00400338
2.93376e-05
0.000240446
0.000724002
0.00221993
5.41396e-05
0.000404727
0.000896925
0.000650542
0.00085125
0.00116947
0.000135087
0.000423103
4.15673e-05
0.000315047
0.000806999
0.000110702
0.00451287
0.000403796
0.000322692
0.000383305
0.000432551
0.00205133
0.00380407
0.000421143
5.40502e-05
0.000216972
0.00116325
0.000542441
2.01008e-05
1.52966e-05
1.56888e-05
0.000437002
0.0022958
0.000837462
0.000478897
8.7189e-05
0.000196272
0.00104626
0.000987582
0.000135998
0.000923371
0.000758882
0.000534346
0.000359134
6.06675e-05
0.00141994
0.000448382
0.00132921
0.000555171
0.000748668
0.00101922
0.00115357
0.00168465
0.000670787
0.000890392
5.87739e-06
0.000869595
0.000607348
1.44577e-05
0.000960275
0.000468169
0.00106247
0.00128373
0.000777503
0.000137495
0.00254338
0.000317905
0.000314937
0.0011763
8.01481e-05
0.00157323
0.000176248
0.00130272
0.00226631
0.00143222
0.000566204
0.00121575
0.00107358
3.69863e-05
0.000671678
0.00154535
0.00265214
0.00213373
0.00326269
0.00620589
0.000163926
0.00120272
6.31431e-05
0.0005021
0.000549397
0.000793096
0.00110204
0.000383702
0.00183151
0.000435348
0.00134251
0.000576925
0.000495979
0.00300214
9.28419e-05
0.00131138
0.000183129
0.000280622
7.57344e-05
0.000445804
0.000103682
0.00135591
0.00117843
0.000523624
0.00012715
0.000947341
7.86974e-05
9.63244e-05
1.93989e-05
0.000573471
2.57707e-05
0.000961963
0.000191117
0.000516496
0.000214646
0.00107647
0.00220664
0.000532425
0.0009062
0.00029738
0.000236237
0.000543795
5.51923e-05
0.000279957
0.000522694
0.000838315
0.00105853
3.26911e-05
0.000653511
0.000121372
0.00310852
0.00138799
0.00137893
4.85069e-05
0.000693832
0.000350411
4.53857e-06
0.000105042
3.07268e-05
0.00131084
0.00157103
0.001136
0.000594637
1.40594e-05
0.000375183
0.00107134
0.000182471
0.00254443
0.00307373
9.39748e-05
0.00025143
0.000406589
0.000345503
0.000747215
0.00156415
0.000851635
0.000102063
0.000964766
0.00533847
0.000240315
0.0013315
0.00102026
0.000777201
0.000544393
0.0023104
0.0018606
0.00146317
0.00115259
0.00226171
6.87218e-05
0.00034956
0.000135239
0.000398707
0.000543682
0.000102354
1.32838e-05
0.00178727
0.000689712
0.000100433
0.000267904
0.00441928
0.000762399
0.000323901
0.00138195
0.00209247
0.000629695
0.00107047
0.000139305
0.000102791
0.000419656
0.00105394
0.00029226
0.000801557
2.01974e-05
0.00108022
8.81626e-05
0.000174759
0.000909925
0.000842007
0.000232995
0.000230324
5.89154e-05
0.000237921
0.0006984
0.000390712
0.00063295
0.00114052
0.00351969
0.000383388
0.00136945
0.00113344
0.00468315
0.000925502
0.000575158
0.000333986
0.000276282
0.00382994
0.000818297
0.00209659
0.00207182
0.000793873
9.53971e-05
0.000962241
6.58875e-05
0.00235332
0.000574503
0.000341056
0.00207042
0.0021721
0.000824066
0.000645106
0.00259779
0.000401689
0.000535135
0.00038549
0.00227206
0.000435931
0.000165682
0.00192242
0.000112006
0.000231137
0.000584577
0.000396399
0.000264115
0.000247195
0.000394993
0.000492337
0.000634702
0.000724758
0.000369983
0.00220676
0.000602663
0.00099765
5.24356e-06
6.44442e-05
0.00328488
0.00116335
0.000551755
0.00110452
0.00040055
0.000596558
0.000657932
0.000351373
0.00282461
6.94115e-05
0.000424882
0.000120439
0.00358842
0.000695033
0.00207996
0.000389395
0.000418448
0.000154633
0.000342759
0.000966507
0.000469641
0.00107893
8.00298e-05
0.000735319
0.0011111
0.000983517
0.0016934
3.08499e-06
0.00121314
0.000913236
0.000165371
0.000630869
0.00077045
0.000705443
8.53896e-05
0.000237018
0.00216986
0.00471811
2.1674e-05
0.000467574
0.000605614
0.00144549
0.00147415
0.000175383
0.00042388
0.0004139
0.000144117
0.00285424
0.00174296
0.000601173
0.000489341
1.11496e-05
0.00050277
0.000948283
0.000820049
0.000845352
0.00164439
0.000742867
0.000276979
0.000833562
0.000767331
0.00113218
0.00157128
0.000558982
0.000534339
0.000875676
0.000259253
0.000542183
4.61766e-05
0.00148673
0.000237964
0.000403996
0.00638819
0.00105495
0.000845458
0.00156181
0.00280564
0.000130532
0.000817559
0.000990721
6.11594e-05
0.000780522
3.74838e-05
0.000270714
0.00146444
0.00113842
0.000694051
0.000458102
0.000214093
0.00160043
2.52757e-05
0.00154938
0.000433372
0.000530619
0.00115399
0.000184087
0.00089538
0.000727276
8.17553e-05
0.000287664
4.96961e-05
0.00146245
0.000142659
0.00128445
0.00211009
0.000103902
0.000263846
0.000213929
0.000147005
0.00154667
0.00060758
0.000270947
0.00023227
0.000279405
0.000571354
0.00113742
0.00758762
0.00185064
0.00200147
0.000240188
0.00045769
0.00122927
0.000539325
0.000470797
0.0038617
0.00188409
0.000784566
0.000213995
0.00139726
0.00298582
0.0023536
0.000967783
7.94939e-05
0.000852326
0.000252729
0.000130098
0.000236871
0.000292063
0.000100801
0.000150801
0.000730926
0.00229627
0.000408174
0.00131796
0.000993381
0.00113984
6.89005e-05
0.000159547
0.000175929
0.000752253
0.00102969
0.000663571
0.000235255
0.00192733
0.000267441
0.000300707
0.00112478
7.95882e-06
0.00112103
0.000242193
0.000441999
8.06348e-05
0.000373883
3.82794e-05
0.000331592
0.000780728
0.00060412
0.000153735
0.0020127
0.00245997
0.000163023
0.00228451
0.0029239
0.00214089
0.000185977
0.000182045
0.00106935
0.00252635
0.00133474
0.000874523
0.00101094
0.000261263
0.000628832
0.000388076
0.00147449
0.00579234
0.00299235
0.000368417
4.89197e-06
0.00197421
0.00067595
0.000382189
0.0020661
0.000390012
0.000420264
0.000174725
0.000632545
0.000282465
0.000389951
0.00169833
0.000765518
0.00154114
0.000459733
0.000135842
0.00108979
0.00102575
0.00128899
0.00106574
0.000529308
0.00387378
0.00119321
0.000441982
0.000704156
0.00080933
0.00182651
0.000334574
0.000731739
5.30236e-05
0.00292884
5.78859e-06
0.000274029
0.000515694
0.00131455
0.00047036
0.000688688
0.00200119
0.000358866
0.00174005
0.0010575
0.000421767
0.000798193
9.41395e-06
0.00119384
0.000205333
0.00206512
0.000312113
6.48151e-06
0.000234666
0.000622803
0.00321729
0.000671169
0.000452242
0.000224044
0.00187566
0.00117154
0.000135775
0.0013737
0.000319739
0.000421959
0.00157839
0.000164838
8.77183e-05
7.1671e-05
0.00180504
0.000940146
0.000198731
0.000103841
0.00179434
0.000222662
0.000993915
0.000956008
0.000832441
0.0037531
0.000186693
3.21792e-05
0.000380574
0.00599048
0.000486667
0.00341557
0.00118257
0.00166793
0.00039377
0.000211389
8.67986e-05
0.00139136
0.000941511
0.000515297
0.000771493
0.00281109
6.09645e-05
0.000298051
0.00029033
0.00187234
0.000153818
0.00135879
6.38204e-06
0.000750979
0.00376401
0.000152274
0.00122818
0.00141758
1.52933e-05
0.00128529
0.00158825
0.000410525
0.000630067
0.000717878
0.00331793
0.00114542
0.000189303
0.000277968
0.000514897
0.0014445
0.00179936
0.000104025
0.00422689
0.000946742
0.000364257
0.00147619
0.000115414
0.000155736
0.000458402
0.00254598
0.00100626
0.00175727
0.000208724
0.00101649
0.000742985
0.00117672
0.000189867
0.00128722
0.00109876
6.30694e-05
2.21852e-05
0.000678369
0.00084381
0.000420062
0.002539
0.000486741
0.000783014
0.00229582
0.00119197
0.000259067
0.000459645
0.000504919
0.000565914
0.00372163
0.00196824
0.0018886
0.000804797
0.00335553
0.00067794
0.000777838
0.00118721
0.000268068
0.00202095
0.00011618
0.000484599
0.00119698
0.00199317
0.0017513
0.000213074
0.00266653
0.000156807
0.00449889
8.83117e-05
0.003338
0.000642296
8.55532e-05
0.00110817
0.000556438
4.59396e-05
0.00196635
0.000101422
8.98925e-05
0.000360859
0.00206163
0.0018846
0.00248231
0.000213759
0.00115978
0.00104913
0.000512286
1.68738e-05
0.000475753
0.000206377
9.40357e-05
0.00179388
0.0014899
9.08326e-05
0.000665591
0.000211434
0.000430236
0.000619829
0.00133068
0.000304359
0.00308273
0.000401083
0.00151976
0.000882698
0.00114713
3.42371e-05
0.00188793
4.73114e-05
0.000274854
0.0014155
0.00134623
0.000245082
0.00118156
0.000106385
0.00118875
0.000352527
0.00235426
5.80188e-05
3.55284e-05
0.000371701
0.00155467
0.000738031
0.000330512
0.000861167
0.00147345
0.000456486
0.00067712
2.91805e-05
0.000271045
0.00101535
0.00260261
0.000913601
0.000552576
0.00078226
4.38492e-05
0.000176357
0.00170458
0.00069641
0.000440648
0.00236937
5.24585e-05
0.000409752
0.000685706
0.000531633
0.0028789
0.00185582
0.00012877
0.00288127
0.000128388
0.000545628
0.000403938
7.69426e-06
0.00107377
0.000109234
0.000179609
0.0009018
0.000166492
0.000480853
0.00135327
0.00310077
0.000701626
0.000366186
0.00212026
0.00340115
0.000433386
0.000395011
0.00287192
3.54805e-05
0.00129459
0.000351462
0.00170666
0.000950468
0.00075478
0.000374546
0.00133371
0.000149312
6.04721e-05
0.000965296
0.00220729
0.0003262
0.000253307
0.00250699
0.000411124
0.000343077
0.000512694
0.00160346
0.00107518
0.000324039
0.00250461
0.00167306
0.000420903
0.00135728
0.0011661
0.000206153
0.000169859
0.000492065
0.000177898
0.000751897
0.000145513
0.000389953
0.00452298
0.000339395
0.000271983
0.00170451
0.001382
0.000951135
0.000137343
0.00127784
0.0027024
0.000965372
0.00138944
0.00110989
0.000341836
0.00333809
0.00054661
0.000865298
0.000440645
0.000742878
9.60899e-05
0.000327399
0.00054748
0.00333034
4.75908e-05
0.000240728
0.00126233
0.000797805
0.00214801
0.000208583
0.0032543
0.00291467
0.000270985
0.000131806
0.000597288
0.000131374
0.000825146
0.000513001
0.000548152
0.00124692
0.000691654
0.000958132
0.000185592
0.00044282
0.00077058
1.58035e-05
0.00340622
0.000271343
7.3777e-05
0.000268077
0.000717851
0.000951489
0.00099147
0.000699346
0.00165325
0.000251262
0.000485864
0.00034561
0.000668956
0.0012203
0.00127136
0.000377982
0.000654107
0.0021096
8.50689e-05
0.00169394
0.00175036
0.000539167
0.000443076
0.000225387
0.00264904
0.00136237
0.00287992
0.000122021
0.00038991
0.000822068
0.000443278
6.34271e-05
0.000562284
0.000224692
0.00096033
0.000389089
0.0053952
0.000287057
0.000647788
0.00263399
8.83939e-05
0.00109877
0.000268303
0.000759389
5.70391e-06
0.000268018
0.000235106
0.00012394
0.000326164
0.000104221
0.00211767
0.000277318
3.12658e-05
0.000677667
0.000246428
0.000981822
0.000398196
0.000929684
0.00134795
0.00432333
1.77566e-05
0.000330141
0.000628803
0.000284538
0.00152576
9.03012e-05
0.00166675
0.00159453
1.90632e-05
0.00130368
0.00120964
0.00175829
9.22282e-05
0.00238525
0.000805735
0.000186299
0.000198359
0.00148408
0.00303918
1.73276e-05
0.000388449
0.00173095
0.00022551
1.88237e-05
0.00129577
0.000899512
0.00205
0.000694225
0.00081372
0.000498299
0.000122731
0.00149579
0.000604177
4.77745e-05
0.000753778
0.00137706
0.000661188
0.000976504
0.00129259
0.000886109
0.000104773
0.00142051
0.00122626
0.000298995
5.22001e-05
0.000402015
0.000486976
0.000588103
9.80397e-05
0.00096919
0.00062306
0.00197666
0.00259345
0.000628024
0.0036005
0.00126003
0.000416467
0.00122336
0.00084973
0.000413376
0.000811212
0.00102443
0.00392697
0.000621276
0.000182435
0.000610325
0.00058035
0.00047534
0.00113939
0.00307885
0.000524069
0.000630597
0.000728926
0.000175818
0.000559751
0.000176821
0.000991441
4.55358e-05
0.00209039
0.0012797
0.000614969
0.001226
1.79505e-05
0.00147489
0.00179617
0.000338104
0.00378052
0.0016075
