1201126246677112306069089183857719995820825308343
727795799317512239754802790960963995290194469957
913784156384967239233594810346447056623532150663
1313035553306098357242005080491180521726515765323
813059493153594030337345306285812830128346210543
1138097955432709357454742235452581666121871730141
670473646809217969897463827513668406189836309030
288578712694509347544817326394986924477142669144
1238009735794043973584983147562584678864860863993
1148822369421164753839016239723734525181711287598
808940409347628485322025892885489188747675668640
170173564375975231639956863046995651505547785606
541927179902139407136333344665303514480396280429
1110579122400580748527179752907891611876614100729
591101244072952010222139018193913082642014240390
1060719587310185770580709757497432315794436615771
1066311042669860727120514144478113481088129219585
677777088419645204043648162541944920928163956177
960851411303787299701929597974057812875198810574
188919461549056189687075934760714421624189392772
653535912241309491777284069323378560917410726386
1367283983925829559525673751219570533613460108102
881696563117470341443771863739508535381436484919
93022025281197897657085625311603663510815877624
167740123184033284196807292110603579272306826814
1053845873874839278436204629737964496788199966373
1231861369009364321467119777629185799306047311540
1115951718006595134219583610825491444828070804684
79135817700003241870362037571310124166973584703
585841327092534953251102955161584852002066262470
1027548978492168847738745612781493247758312643125
1312651055183573624242774344834347880295272007088
1098946968268130961158351982551333076122841893370
625878506477690699392067562621107589272063758957
694153900432211853269461690305040101232527796044
124981269892692249070830402920015001135948533129
1444541386771891646967408397167154020080810353175
514465000374766015359282885855370801978822243633
26957786946660024775476782302962021819376645449
812298334149058822641296730369817495249275367644
779909655598748723411275700455375743694171339827
184197125815768405511452482110850426192824225870
318622783859465305140801476919751212739677824824
682300514892565289189185931927001771431086061198
404019455153128010238435025995750510330114360050
705376904809138905711098578843573497629369656664
849585362269168594772706106198194266658770884064
1026864072292574670757544977033070535834783995471
596308672489928731638182657342268925089245068440
1140848148069278487146578927503243789551117850139
1314080825677425044453028076372030127125428300507
549693243663802733952438671560877279835955153191
352402112090581709342945923839382344532887574980
1362056490591557181640328296184978490487936549145
655623136079176274100063795677966565343758189115
557666196486060389188598160895790844571302450299
662690419975668777345395716910182200272655962439
1141936874715027830585170933098992107161964042226
1152386265297943211126298448801666430150079117488
278626018375032867939350747724636033342021292239
518507423797994535197768310880223251127840903546
238884452443353925720018423152276400968487519873
1304243992449431926323629699863583121903574544892
849116786558696856996120556478837889780720181600
1247095668096730705594534999790155403915275101536
69678739140748248093159311670268054908283567939
455827949197782287194827145391459083745180677993
637776525561626354174771877576111954275042856700
153987587486076878875906219811571574471850566661
1329163783357929955779244614448423886924489850734
259291552524076667410200303574051629768878575455
939111417416544715170444788131547428373434367822
997363298318089092540477731469760401021413464327
1108212283940230031017841316348214320744557392243
311125308221407816685285358608323296643335321788
1369108840024474349725829063014925575601968351518
857648592033264433439938995550567714033208592119
561249325169168348898543348518813644242672954025
1234690195115968324242030102174286109196718579121
1439701816697259854105946614315058086884859153945
1229895017346821345096461072333564651632456962609
249714255446187112227015094864128990802432842993
284586067283959329711702221602100479400763290222
533673550140429938263772147855645497463212121115
1372899584107254355825628020736329678032980701839
1258525149954290707897149466410126957092388060678
289270062086350205591666602008177416052260166749
911741856112257725589794941949826447435621933412
907194094188488198579389514823083073777129391869
178743494249730089661126292306403522428038999528
288009070502131888906381438478478365853119653809
534811036221870204341021900455989865251612819759
1354374380795784839296364416555395349282779597546
184417691032596144088622051126442181153697737359
833610722957048926797410905442464496351793512364
1326694716316104264684761208897431023710144054203
49733489916303632282379415747224765074929607556
1107833989828427955057767152310879691840443663603
662089826393760064774495481230408825977385410058
1284837334985919489892774552737372328369723356100
662169639677331341204680837264193881647764339467
696847883177044434430128301648088635485960064292
205232218160492207439489948823062787094943288694
18075288080922666507053505780962359578868995556
564502298913391321087099622971901473645762121791
863858930691394327417874105599049458426241377809
361207723831500499555717311469018662760304038429
860405075471213982504837650428532179718708865269
1340838967074228925180802781287715867795191523070
66351755137342578817507298208124128999394828157
123010349301839747922600786311058098768160097942
1026358879846750982936497260662377417661807784739
11605583380826588691779412747251678111277491481
845785713855596106337174880507294755390986308031
742553027882639959954796337275431826454928135736
1286766694571270752313807826877072988443153292055
1042463171357244347848842990436428353253976920934
331742468505481577772556965829008223742759944849
436590759548263767145656919023195288281743805048
1154372129881697432017062273333135757685021513935
171043416420946986663870643711096190136794938410
674511994805820814616029804686766636308988335718
81174264828373823532978278085423382042796439206
769604352809743617211456587471670277921583963627
427495556981392682156034389813964386492627532744
740754973126273691944340076101818233287240507928
990928703086671126769934431413325893613363211066
1370506639510608937502829130490476572192226948139
830925256529392996782216178250913220613337994701
1232095953337300237909236798473183813139086801573
164885655946822586180230302792275396549367437253
1050089741010368966825237840825825291477521547324
759371469574389785075102306949773642374350465816
1044328543394137561830038726440234140259506910251
350070542090204412759842449257103973687666957611
1052513360868202353552790815579838312679459763546
717994730857059832697565441193781226408042153933
709930333832381543963516555718383480750989671186
1222549725492535860549030922289506962391859107428
861653413998621557168726881776550934709028305098
1209667757937276489960225148915949423499560585668
1451849259470584818418365192526403506507059796651
1040099545381022226343387159983647031740938695276
1422969768673101802430732889362471928607092139894
468884524944338044952013091347607887223103061787
161340337420385935383228782149600487191149729555
1109186133220308159629103726291658322862652381573
506788343879263125567706884468785948721897475563
1148838823715684030096667829415655195305425080555
19568828556190485242332313832600111914521381856
86702468659835636631706824445276365512900316548
291383998927195709116820240859515101579356668666
631375756649039436215415913943031471922198723496
601559696842407683820241373355389690646199014946
1100738475625510628075049651707402566995808677723
1000361689817278646684475802935335201664717594461
38319746326322614926104210712493860011972718825
1412948372872305551538045392910197109282176520978
963944760379027481131486442606973378093857485959
10140674426519480943746126268723603827717000763
1425231992437460718220211245981546055106082045683
1317602576964457782905237064380909281858523291797
255398720809905076053755810203045331283571172566
640279148170692468813703833956320892677665313827
420864266025829984360771303683302685724435308417
1267101806009918981987534694748037935104824845997
453526940951476375575917744987818203993069968519
646581175197811946202264848854210858943226700279
218662656388316836461548446109518204169349739854
122331473524452050848524501935724989733136196859
511827574174070722360005299131030157223949980139
732725251606682723916273803776069224803664371851
891735073706896994581094391569225663772239418718
559429818053238849031363504645940782035145628591
1248720533386622603868368715586471687487215311267
995775775551222090006169198101507922070723095391
257320239985915014446780794814852881878079790219
868838495219017800337440812472464040181000095955
648362776602245244242900938601170350985852152791
574813229292977011396678939492948635245417906290
973264983015149795251053720057927397599021614195
223419599726952532807102442087570228592808408706
219863956667076677120504635781535195902314122681
510969351162077880860581387713189730069323796477
513090486042575377078812936686675585524435629468
1442259810253650583317857591638927104792361532476
1047888489665260819564373575360358656488879726727
783034819305033931632108473704131972319973244954
738777406119500824544608293803591356142024350275
1404977900202465841524101683112312234037398686475
328904907967125105548715605513815601135727570028
1269374402779711301674484458608815038301622740769
961276571793785810486978076492041894093010343595
1436733111056808998830800566257725129442900729839
1142806910649627015731328411417963426221991713449
171449964404108822162410110005680494316202207045
199367881472483255295590704444969658547215689385
610617252038119222206124487296062379728466002190
762384369058454785344063142127617916742221283805
76373666703085078621428893434511677315417636276
1371043045521360122144647037962335782630258444238
609862752535716851395437188042001337107615248137
334347165129463166273066751632670338781273900494
949100711667048805699060058466058560795916145459
1122267372562140197761890625557222997576459938574
852448081271918492633871926663519657951792729525
916016825376236872525447997131332108152400248832
862689439311474143039276937073195721261908250848
860091962462638041928717709335416371824482169440
359628107200226664564303825630093322054299470916
1002934460520138216344413174122596127202481564969
912005172054269601461982706241686853705512514686
971309452106514750875687973594415270219492241130
814265065984538180497819990365650167598145844348
1457860734926275736681528323245629953879252300040
1273718556350628938003086878793653997495335880691
995932016847147104531962007694759643514658353113
996898127357363699066279178088774966104021918703
866967699897612179108862312515381872234894178277
1419331301555025476927789948700562570058544851000
1055951973776842504455994015690575987948389442044
1295844522356873919704021960912445054893280411970
701217223903024191207567029654914728741208969348
265483045097919806195071629597194358656448145864
940343221000108935974553127893959343933504255318
6060675624857587990621279444909009717609750732
1352739080681876681441552478766250835819317644648
1417107316075587092812620395700593360405707666045
1042402107282420784562380581658575930999215215453
11980305466858335394324882822076075475468236225
1132449717071823505373918116004000507273181172198
1411398090886722152532255155156309296350172190888
996050166586088694000996220578366486725631210530
48691718013448857309674622723370517151000518879
892242756850021843340559937919407083008645423013
911939065531545758760625629094637263296013365327
268525285417668580418420300130992860709929488918
193612825717910518631003205206969153266117577276
564455293731326139318091482579057472775308657662
1410758871033345045050106537164772207225444264230
766387320034597470153910915305769185106528045267
1224067450801227267592763642600788584341264065574
833988252178484134457920503748878590730269103662
45873189135856663327432581236109629202209146885
44486585284310852386594417179495829144290659679
625532862342010001045866765078786124710504041121
1025269139901300745840042692686802015054033983176
481267181942442775811173261044401003535086140544
844082121803515619061348348174112393232801622551
1006105711358784396794318790536419584763193084044
600479023701173475540331229860956418996506154867
1147016335516239719221648204861078599462416693828
310723658415476436296234691612231306073365647218
21346652333152791721660828803853082604481234700
872787215941671680532211448116038612034728725291
1014584911031552550989735150738927269793616479450
1365094855359468286966307628331756047873982561066
44864406655013189643178147887250468836475225247
940229123181790392119817506787638800237586716453
1190798229874741818755679679600687069557025130085
222020589300033239910227744951048614302570818589
402884071956992329967083257817097532646591522241
197902890519789511064212093066731560758075364539
1111800258241306226917784567316367066397397156460
117376316834682000813089832303146798058269107939
981868483115739774266897353335047041777506277085
136127805566207080872808922527210806697384999141
691644596513464967982926774696773912510723949931
459923885072668582075973055745308244156070383743
209621158555008610311195556525165991227635641572
1167681862353668255175200482423095908299672648457
171357990634254145421135734725482415752747184614
139171229896661577855962456601382005205450665720
622428862566814565720285144625969334315933653962
750055837541370406544836188231343718460610760734
1416541612706274787894810824070938865376105796107
781839502162024471449497771371155581768773152425
837350460415369433868670548463620959135524526649
1148043433020557052656651100065059751129969434098
507139320423622747350060529941171951773430875654
1178955219791263758807313326651093695203784185434
1117714759540848743254673994075310095432506229700
267732121078965050658078012198489260173903680544
137771670624659411081143200555341528326683956329
571569174103391328353401698015313511579566817198
1240624669268211602601473439485675639818471787696
121606401058201999537493269316241237895168615303
95422393376112526500345636247414730912706559282
792538777519642598746843873262434510124965348157
156734486433650388667013503830507371232966366136
1382833684703671283526219484778776356131181979723
516997244605318517818130729013132443107107432826
932493496147074406173708182595955741680094870697
1121040463322432950886466835384640557066955802258
735145575024556862294427917182259316806128725820
1016953457367643818777150946721376044764403762696
732097473295044715381274594239640179490481564572
431079319196971106223719946766225907333712513313
356993544480183758804639326684617095285462046651
868242782042283812369787984617417018443367289269
1162315510508518801478012402517094323751989437063
1102327387850184815478294993001360897468078552907
589820587678288153692393778413161443669083399956
713217182430155456271204409216203086156186478124
1035690386697238204559009051470889098413327043983
631545800938358594020994779071292985803846927162
471855373793843067900173373539569990174258296525
1127693901093557695768715153343871186854327481381
960506236188945401495287274899682322377879361230
1301660679886160396581944740708192536557002972103
1023277318949202557722917490233040733513329965907
5083065570075571326095891187127839862394626147
533926690697439709649948312439315026216081199107
114793997602202512990037633191918626614391349236
1413404294945858335248502540093200641304675471736
191897344061379355071163093380566954740460041327
220960296124531922058283598443975197759723207664
1082118690530906026632042936163480179481042121
1317689514358814701719769144021357208711192532692
235838672853242264246965360068295673293368746180
381646260516729818600280146170045330524080119853
59689559585845613302292146293824426156216534808
1096304538737492051541243340206951297275038460154
156828188471814453604115591088899520593804680645
272588186531657788571281613657834865519142220908
507058513739021793382946650752952500224798215503
538043928669695286465627810192173553529176627503
416900417241738049238059462205474178807778124851
457883898959566153282290903499012105594483259559
918625878447934609286372494525163486784134010657
935334675889959471080651251164760162826472972218
900949547211320553416009639108037420432600508583
1158692356864466942751027065755672349849527688798
1157288213655672431385019508133266001581259502143
1339810249466306081444780151815986726555138510164
1019717663153021903124383441293905896078619991659
87215463615713639549937960609501985861066225346
1018941471568974714630297201057664927729449904393
1095792865855052784731272767537086484433759207871
756826966797121071182773401066905936613371099622
79359365812914521540822467812484675515487274827
923451915766787610823546315123518638888154578730
966304626851805118400135978990391618318886736700
302394045630527820186487931454608646390861982495
630240871453508096187460612888531119546467739753
219020529489958918928076226326277239411404615408
1300731284989041718100147359686610311202456926482
965834004870290057392863409350005923385942463088
992077989717822534751482576790803201023215900251
981158874850227836089672182881991472473136674764
206522332555550836772180166689545288311432201998
671234284110954667360135819775829097972288755037
1382865035775388876991434208071494492840987250790
1127472701463147708481158149991210962830942659073
1319465087703701799922970517199294349388780041269
216518000810512438056090827129101560787231968098
892635781722384245100874997367604171743571710882
1008760427881188040321992654353359347526931390926
672951922788532896552144418464231335563901664212
312657044765827142961052345836612225398647295600
1040371097480278688179409654873978521304625547171
966269046584356208364359920400273992258706566108
450969648727435126209847750572890506435819526124
1262844414307783537320708860276002989761996959978
1084160769564390472651942865991332862592268387020
540610057307286262708885841476804302062092237128
421287912641416731559544134192333576636456724521
1004336665429837045215178213106067205953028376368
585548965959672700456947908007082674585501861917
1362469594737550827911662703960778312430206087325
927681265544954803996244718873955711369052955205
995486360958313475863368995917867821288432909490
121876738635636156802625740312146406235423751472
80653139195545358654861181872031306826947309513
1222593387571672489121511646024818164789366691093
1251743631709878274209582088127115847608449856927
1352810638515069082972540486784569415768665179351
310515080235395341019612500930834816420390954276
143953083275540535674308124958900217232735522520
1159173431157100688109273066929046284067414417724
65476140049912122324094491088447667996491760575
35556903869386052775401550151567074425618235340
1104684690725457773721409302077083673905054579804
859129369212417934048397263644059910683199822294
482578905339653702738385749504491608171303248933
1308703539357410787219348895599488723218897929264
1020761833812205667570552165296352566082474006872
1155760664030976485307784784073659883308789809283
1358309808588184805500240247122796384618565569307
606165023841560186214503705374916597241622446542
10274910530588800600141092532962068275425639804
1124130184415552846121301845200046115297365662037
395702078717228074946842158045826449198898616616
977679176129727302842482036011847806207008860668
139704528436520967306855607514239539114300038512
204416515804520222709871358807768453093225250458
203211351319280985511081678943224509532463312001
421648761291200912980561404321312717797082701364
776004654608292296798632712111720378271398993600
253338550155307418924204785983016931780086041806
1007201139763901607271312947311437656610114781227
94673747699826553994524346583214061186910332006
1433892933845042726657085928850407843624100116162
1083145244247098156558023916062966515088177174521
356654238954073587619031554841397721294472378515
377103009560434108018755492406941909723577361655
650569780367627802101330655106507938831871431631
317585000665080089079414746296842316419352587135
1371330780415872767499703256119203713582442607128
601711859433971478945695954128425909488890840075
599472350582829690179047686318813200461941151757
628708488314019808714925581287305257999478835596
562853997214916118615017103673834158791550264987
1009268381488358296390571455069578424274775801372
1155490444485445063833636272418714283991230908380
1400726514374018847719385289313107957576597796348
153637112287812135836934586346924844230148647776
688897813455930191895618171306950804675518716662
994016018247091988141312847180786590099745685372
607125630963207766384804696485767619652438655905
1049153779842747078832187213366051093826652168411
1121333132413174625817693941468669952512599019846
419562031942030088036416841142193419721274652289
1270488573209682915242840670589421454547003158169
1188146249917823452616969897875069104369199830755
52787531698364655314998826838398287079028824179
700465288245994925931963330052231447678191992721
139560460158261964997522521044185199369541847818
1303866580975661487903862979177290580944459305291
127690160795870340706987297839108376799042267427
1102563020705038962907517687908162376747277685831
184749832601690263800520396813124319480989511916
1420870343240119624350482656692715788111612350709
1445982558934088470576652163063605873422479244339
721927698862980131293654218603346580098024761966
1458143771996597552839053023829367981610677639770
84974336593198473314973070102914143922220241513
809594439481689500718929874059182722164248122940
1382966496392265832645448653165957242532632657612
956125046403767174102469940353011749752764853867
404719543031999818075393827871500706494658662716
1326514238586148509177685291397250579384314450052
62709274575605375557177678002982901782960784481
1098598229427986314339360307307527264729410456739
720959911582445440382860180674036746122835843675
1203735523830408044642724078283824687060399081798
1222091082257804166398553171979300985139019651778
1015152552703916678683620153132080189598745568000
1096532183533913599749769622396884735571345356824
18393313786480801185408433468173364137607158398
1004193747970324629400713183368170859457083526952
1112303126058054106601886987241556437397867939406
1103935977531581858508976552154056743232891874807
1031484313515047979458240581297170069679523332145
651855373549428635567070709252622869818027683642
1282937432498857397554661027953218421508403634880
5647204556245019047431063547337781548430581229
746178431809357572150503824394337513521293173954
1389471479562267466040552855928599271339814607264
541187641823628509047696446362277023439927157366
1370232173796532770151753526752531440412508720007
54998887857777859422698359321820531071087136108
144913770644628331148667717061782952294793637759
195920591209748853226809359042184861301174421314
1067192713929359492702364037280295819657965903325
366490815818745151089599239509902485627192008847
117271289695482830987432007096037653376749517112
104247588186373940352666442318061148873640414442
585359183308045011788959026716568158879068006421
1024658855652627801286802578884842636319767016605
1353528209902779278846229022898159903420623432212
1086554800426934899035773784343340796029528331226
351284281480332061301280773285172085158065186603
279057864482610854139836125705103458758511500097
877425300889777658012038096050694336728157727151
1426701715687436834263459185627706027386704878065
1304687338588456768820145555598189018922650128178
802357643268785471060754825767895847833322513856
35790355391415624467471205213924222875407458348
940176847682157823881637174668599873828623500778
385073238470653616829593052808341368958697130898
276416523660231313308271315752126194665821322102
559825067810435919620096016298154099508768172979
34761409171916094453342375707633533376539189013
279680348619873040923423600046821084698331526380
844393611410697092573244375732784315319330570989
975024686526824067283774289888979613101993672369
1381315266689847149457086917540719647679122285668
881709454596578626391325155188380143425426563147
522370634282265826656299072372846811859130026884
237912509612090901820770593903285810750454681549
1147607759968056302437374241461362150949938105458
913043478867923246486314980999064922379678361709
349824813877681830760193413287558393770969219492
60826193920098728634285366528482811991979761012
24690509173471840939392745957084992039141180298
895285446203364285159361667639421101463865993789
1436720327627495569633809668094011698555644365068
134074717138482689113653862293302490228377184463
255881249082004266204206256747479326713740607211
